1.6e-21
3.8e-19
3.8e-19
1.1e-18
3.4e-18
3.4e-18
3.4e-18
1e-17
3.1e-17
9.2e-17
8.2e-16
8.2e-16
8.2e-16
2.5e-15
7.4e-15
2.2e-14
6.6e-14
2e-13
2e-13
5.3e-12
5.3e-12
1.6e-11
1.6e-11
1.6e-11
4.7e-11
4.7e-11
1.4e-10
1.4e-10
4.3e-10
4.3e-10
3.8e-09
3.8e-09
3.8e-09
3.8e-09
1.1e-08
1.1e-08
3.4e-08
3.4e-08
1e-07
1e-07
1e-07
3.1e-07
3.1e-07
3.1e-07
3.1e-07
9.1e-07
9.1e-07
9.1e-07
9.1e-07
9.1e-07
2.7e-06
2.7e-06
2.7e-06
2.7e-06
2.7e-06
2.7e-06
8.2e-06
8.2e-06
8.2e-06
8.2e-06
8.2e-06
8.2e-06
2.5e-05
2.5e-05
2.5e-05
2.5e-05
7.3e-05
7.3e-05
7.3e-05
0.00022
0.00022
0.00066
0.002
0.002
0.002
0.002
0.002
0.002
0.002
0.002
0.002
0.002
0.0059
0.0059
1.6e-21
1.6e-21
4.8e-21
1.4e-20
1.4e-20
3.8e-19
1.1e-18
1e-17
3.1e-17
3.1e-17
9.2e-17
8.2e-16
8.2e-16
2.5e-15
2.5e-15
2.5e-15
2.5e-15
7.4e-15
7.4e-15
2.2e-14
2.2e-14
6.6e-14
6.6e-14
2e-13
2e-13
5.9e-13
1.8e-12
1.8e-12
1.8e-12
5.3e-12
5.3e-12
5.3e-12
5.3e-12
1.6e-11
4.7e-11
4.7e-11
1.4e-10
1.4e-10
1.4e-10
4.3e-10
4.3e-10
4.3e-10
1.3e-09
1.3e-09
1.3e-09
3.8e-09
3.8e-09
3.8e-09
1.1e-08
1.1e-08
1.1e-08
1.1e-08
1.1e-08
1.1e-08
1.1e-08
1.1e-08
3.4e-08
3.4e-08
3.4e-08
1e-07
1e-07
1e-07
3.1e-07
3.1e-07
3.1e-07
9.1e-07
9.1e-07
9.1e-07
9.1e-07
9.1e-07
9.1e-07
9.1e-07
9.1e-07
9.1e-07
9.1e-07
2.7e-06
2.7e-06
2.7e-06
2.7e-06
2.7e-06
2.7e-06
2.7e-06
8.2e-06
8.2e-06
8.2e-06
2.5e-05
2.5e-05
2.5e-05
2.5e-05
2.5e-05
2.5e-05
2.5e-05
2.5e-05
2.5e-05
2.5e-05
7.3e-05
7.3e-05
7.3e-05
7.3e-05
7.3e-05
7.3e-05
0.00022
0.00022
0.00022
0.00022
0.00022
0.00066
0.00066
0.00066
0.00066
0.00066
0.00066
0.00066
0.00066
0.00066
0.00066
0.002
0.002
0.002
0.0059
0.0059
0.0059
0.0059
0.0059
0.0059
